00 FF FF 00 00 00 00 00 00
00 FF FF 00 00 00 00 00 00
00 FF FF 00 00 00 00 00 00
00 FF FF 00 00 00 00 00 00
00 FF FF 00 00 00 00 00 00
00 FF FF 00 00 00 00 00 00
00 FF FF 00 00 00 00 00 00
00 FF FF 00 00 00 00 00 00
00 FF FF 00 00 00 00 00 00
00 FF FF 00 00 00 00 00 00
00 FF FF 00 00 00 00 00 00
00 FF FF 00 00 00 00 00 00
00 FF FF 00 00 00 00 00 00
00 FF FF 00 00 00 00 00 00
00 FF FF 00 00 00 00 00 00
00 FF FF 00 00 00 00 00 00
00 FF FF 00 00 00 00 00 00
00 FF FF 00 00 00 00 00 00
00 FF FF 00 00 00 00 00 00
00 FF FF 00 00 00 00 00 00
00 FF FF 00 00 00 00 00 00
00 FF FF 8F 02 00 00 00 00
00 FF FF 1F 05 00 00 00 00
00 FF FF AE 07 00 00 00 00
00 FF FF 3D 0A 00 00 00 00
00 FF FF CD 0C 00 00 00 00
00 FF FF 5C 0F 00 00 00 00
00 FF FF EB 11 00 00 00 00
00 FF FF 7B 14 00 00 00 00
00 FF FF 0A 17 00 00 00 00
00 FF FF 9A 19 00 00 00 00
00 FF FF 29 1C 00 00 00 00
00 FF FF B8 1E 00 00 00 00
00 FF FF 48 21 00 00 00 00
00 FF FF D7 23 00 00 00 00
00 FF FF 66 26 00 00 00 00
00 FF FF F6 28 00 00 00 00
00 FF FF 85 2B 00 00 00 00
00 FF FF 14 2E 00 00 00 00
00 FF FF A4 30 00 00 00 00
00 FF FF 33 33 00 00 00 00
00 FF FF C2 35 00 00 00 00
00 FF FF 52 38 00 00 00 00
00 FF FF E1 3A 00 00 00 00
00 FF FF 70 3D 00 00 00 00
00 FF FF 00 40 00 00 00 00
00 FF FF 8F 42 00 00 00 00
00 FF FF 1E 45 00 00 00 00
00 FF FF AE 47 00 00 00 00
00 FF FF 3D 4A 00 00 00 00
00 FF FF CD 4C 00 00 00 00
00 FF FF 5C 4F 00 00 00 00
00 FF FF EB 51 00 00 00 00
00 FF FF 7B 54 00 00 00 00
00 FF FF 0A 57 00 00 00 00
00 FF FF 99 59 00 00 00 00
00 FF FF 29 5C 00 00 00 00
00 FF FF B8 5E 00 00 00 00
00 FF FF 47 61 00 00 00 00
00 FF FF D7 63 00 00 00 00
00 FF FF 66 66 00 00 00 00
00 FF FF F5 68 00 00 00 00
00 FF FF 85 6B 00 00 00 00
00 FF FF 14 6E 00 00 00 00
00 FF FF A3 70 00 00 00 00
00 FF FF 33 73 00 00 00 00
00 FF FF C2 75 00 00 00 00
00 FF FF 51 78 00 00 00 00
00 FF FF E1 7A 00 00 00 00
00 FF FF 70 7D 00 00 00 00
00 FF FF 00 80 00 00 00 00
00 FF FF 8F 82 00 00 00 00
00 FF FF 1E 85 00 00 00 00
00 FF FF AE 87 00 00 00 00
00 FF FF 3D 8A 00 00 00 00
00 FF FF CC 8C 00 00 00 00
00 FF FF 5C 8F 00 00 00 00
00 FF FF EB 91 00 00 00 00
00 FF FF 7A 94 00 00 00 00
00 FF FF 0A 97 00 00 00 00
00 FF FF 99 99 00 00 00 00
00 FF FF 28 9C 00 00 00 00
00 FF FF B8 9E 00 00 00 00
00 FF FF 47 A1 00 00 00 00
00 FF FF D6 A3 00 00 00 00
00 FF FF 66 A6 00 00 00 00
00 FF FF F5 A8 00 00 00 00
00 FF FF 85 AB 00 00 00 00
00 FF FF 14 AE 00 00 00 00
00 FF FF A3 B0 00 00 00 00
00 FF FF 33 B3 00 00 00 00
00 FF FF C2 B5 00 00 00 00
00 FF FF 51 B8 00 00 00 00
00 FF FF E1 BA 00 00 00 00
00 FF FF 70 BD 00 00 00 00
00 FF FF FF BF 00 00 00 00
00 FF FF 8F C2 00 00 00 00
00 FF FF 1E C5 00 00 00 00
00 FF FF AD C7 00 00 00 00
00 FF FF 3D CA 00 00 00 00
00 FF FF CC CC 00 00 00 00
00 FF FF 5B CF 00 00 00 00
00 FF FF EB D1 00 00 00 00
00 FF FF 7A D4 00 00 00 00
00 FF FF 09 D7 00 00 00 00
00 FF FF 99 D9 00 00 00 00
00 FF FF 28 DC 00 00 00 00
00 FF FF B8 DE 00 00 00 00
00 FF FF 47 E1 00 00 00 00
00 FF FF D6 E3 00 00 00 00
00 FF FF 66 E6 00 00 00 00
00 FF FF F5 E8 00 00 00 00
00 FF FF 84 EB 00 00 00 00
00 FF FF 14 EE 00 00 00 00
00 FF FF A3 F0 00 00 00 00
00 FF FF 32 F3 00 00 00 00
00 FF FF C2 F5 00 00 00 00
00 FF FF 51 F8 00 00 00 00
00 FF FF E0 FA 00 00 00 00
00 FF FF 70 FD 00 00 00 00
00 FF FF 00 00 00 00 00 00
00 FF FF 8F 02 00 00 00 00
00 FF FF 1F 05 00 00 00 00
00 FF FF AE 07 00 00 00 00
00 FF FF 3D 0A 00 00 00 00
00 FF FF CD 0C 00 00 00 00
00 FF FF 5C 0F 00 00 00 00
00 FF FF EB 11 00 00 00 00
00 FF FF 7B 14 00 00 00 00
00 FF FF 0A 17 00 00 00 00
00 FF FF 9A 19 00 00 00 00
00 FF FF 29 1C 00 00 00 00
00 FF FF B8 1E 00 00 00 00
00 FF FF 48 21 00 00 00 00
00 FF FF D7 23 00 00 00 00
00 FF FF 66 26 00 00 00 00
00 FF FF F6 28 00 00 00 00
00 FF FF 85 2B 00 00 00 00
00 FF FF 14 2E 00 00 00 00
00 FF FF A4 30 00 00 00 00
00 FF FF 33 33 00 00 00 00
00 FF FF C2 35 00 00 00 00
00 FF FF 52 38 00 00 00 00
00 FF FF E1 3A 00 00 00 00
00 FF FF 70 3D 00 00 00 00
00 FF FF 00 40 00 00 00 00
00 FF FF 00 00 00 00 00 00
00 FF FF 00 00 00 00 00 00
00 FF FF 00 00 00 00 00 00
00 FF FF 00 00 00 00 00 00
00 FF FF 00 00 00 00 00 00
00 FF FF 00 00 00 00 00 00
00 00 00 00 00 00 00 00 00
00 FA 00 00 00 00 00 00 00
00 F4 01 00 00 00 00 00 00
00 EE 02 00 00 00 00 00 00
00 E8 03 00 00 00 00 00 00
00 E2 04 00 00 00 00 00 00
00 DC 05 00 00 00 00 00 00
00 D6 06 00 00 00 00 00 00
00 D0 07 00 00 00 00 00 00
00 CA 08 00 00 00 00 00 00
00 C4 09 00 00 00 00 00 00
00 BE 0A 00 00 00 00 00 00
00 B8 0B 00 00 00 00 00 00
00 B2 0C 00 00 00 00 00 00
00 AC 0D 00 00 00 00 00 00
00 A6 0E 00 00 00 00 00 00
00 A0 0F 00 00 00 00 00 00
00 9A 10 00 00 00 00 00 00
00 94 11 00 00 00 00 00 00
00 8E 12 00 00 00 00 00 00
00 88 13 00 00 00 00 00 00
00 82 14 00 00 00 00 00 00
00 7C 15 00 00 00 00 00 00
00 76 16 00 00 00 00 00 00
00 70 17 00 00 00 00 00 00
00 6A 18 00 00 00 00 00 00
00 64 19 00 00 00 00 00 00
00 5E 1A 00 00 00 00 00 00
00 58 1B 00 00 00 00 00 00
00 52 1C 00 00 00 00 00 00
00 4C 1D 00 00 00 00 00 00
00 46 1E 00 00 00 00 00 00
00 40 1F 00 00 00 00 00 00
00 00 00 00 00 00 00 00 00
00 FA 00 00 00 00 00 00 00
00 F4 01 00 00 00 00 00 00
00 EE 02 00 00 00 00 00 00
00 E8 03 00 00 00 00 00 00
00 E2 04 00 00 00 00 00 00
00 DC 05 00 00 00 00 00 00
00 D6 06 00 00 00 00 00 00
00 D0 07 00 00 00 00 00 00
00 CA 08 00 00 00 00 00 00
00 C4 09 00 00 00 00 00 00
00 BE 0A 00 00 00 00 00 00
00 B8 0B 00 00 00 00 00 00
00 B2 0C 00 00 00 00 00 00
00 AC 0D 00 00 00 00 00 00
00 A6 0E 00 00 00 00 00 00
00 A0 0F 00 00 00 00 00 00
00 9A 10 00 00 00 00 00 00
00 94 11 00 00 00 00 00 00
00 8E 12 00 00 00 00 00 00
00 88 13 00 00 00 00 00 00
00 82 14 00 00 00 00 00 00
00 7C 15 00 00 00 00 00 00
00 76 16 00 00 00 00 00 00
00 70 17 00 00 00 00 00 00
00 6A 18 00 00 00 00 00 00
00 64 19 00 00 00 00 00 00
00 5E 1A 00 00 00 00 00 00
00 58 1B 00 00 00 00 00 00
00 52 1C 00 00 00 00 00 00
00 4C 1D 00 00 00 00 00 00
00 46 1E 00 00 00 00 00 00
00 40 1F 00 00 00 00 00 00
00 00 00 00 00 00 00 00 00
00 FA 00 00 00 00 00 00 00
00 F4 01 00 00 00 00 00 00
00 EE 02 00 00 00 00 00 00
00 E8 03 00 00 00 00 00 00
00 E2 04 00 00 00 00 00 00
00 DC 05 00 00 00 00 00 00
00 D6 06 00 00 00 00 00 00
00 D0 07 00 00 00 00 00 00
00 CA 08 00 00 00 00 00 00
00 C4 09 00 00 00 00 00 00
00 BE 0A 00 00 00 00 00 00
00 B8 0B 00 00 00 00 00 00
00 B2 0C 00 00 00 00 00 00
00 AC 0D 00 00 00 00 00 00
00 A6 0E 00 00 00 00 00 00
00 A0 0F 00 00 00 00 00 00
00 9A 10 00 00 00 00 00 00
00 94 11 00 00 00 00 00 00
00 8E 12 00 00 00 00 00 00
00 FF FF 00 00 00 00 00 00
00 FF FF 00 00 00 00 00 00
00 FF FF 00 00 00 00 00 00
00 FF FF 00 00 00 00 00 00
00 FF FF 00 00 00 00 00 00
00 FF FF 00 00 00 00 00 00
00 FF FF 00 00 00 00 00 00
00 FF FF 00 00 00 00 00 00
00 FF FF 00 00 00 80 00 00
00 FF FF 00 00 48 81 00 00
00 FF FF 00 00 8F 82 00 00
00 FF FF 00 00 D7 83 00 00
00 FF FF 00 00 1F 85 00 00
00 FF FF 00 00 66 86 00 00
00 FF FF 00 00 AE 87 00 00
00 FF FF 00 00 F6 88 00 00
00 FF FF 00 00 3D 8A 00 00
00 FF FF 00 00 85 8B 00 00
00 FF FF 00 00 CD 8C 00 00
00 FF FF 00 00 14 8E 00 00
00 FF FF 00 00 5C 8F 00 00
00 FF FF 00 00 A4 90 00 00
00 FF FF 00 00 EB 91 00 00
00 FF FF 00 00 33 93 00 00
00 FF FF 00 00 7B 94 00 00
00 FF FF 00 00 C2 95 00 00
00 FF FF 00 00 0A 97 00 00
00 FF FF 00 00 52 98 00 00
00 FF FF 00 00 9A 99 00 00
00 FF FF 00 00 E1 9A 00 00
00 FF FF 00 00 29 9C 00 00
00 FF FF 00 00 71 9D 00 00
00 FF FF 00 00 B8 9E 00 00
00 FF FF 00 00 00 A0 00 00
00 FF FF 00 00 48 A1 00 00
00 FF FF 00 00 8F A2 00 00
00 FF FF 00 00 D7 A3 00 00
00 FF FF 00 00 1F A5 00 00
00 FF FF 00 00 66 A6 00 00
00 FF FF 00 00 AE A7 00 00
00 FF FF 00 00 F6 A8 00 00
00 FF FF 00 00 3D AA 00 00
00 FF FF 00 00 85 AB 00 00
00 FF FF 00 00 CD AC 00 00
00 FF FF 00 00 14 AE 00 00
00 FF FF 00 00 5C AF 00 00
00 FF FF 00 00 A4 B0 00 00
00 FF FF 00 00 EB B1 00 00
00 FF FF 00 00 33 B3 00 00
00 FF FF 00 00 7B B4 00 00
00 FF FF 00 00 C2 B5 00 00
00 FF FF 00 00 0A B7 00 00
00 FF FF 00 00 52 B8 00 00
00 FF FF 00 00 99 B9 00 00
00 FF FF 00 00 E1 BA 00 00
00 FF FF 00 00 29 BC 00 00
00 FF FF 00 00 70 BD 00 00
00 FF FF 00 00 B8 BE 00 00
00 FF FF 00 00 00 C0 00 00
00 FF FF 00 00 47 C1 00 00
00 FF FF 00 00 8F C2 00 00
00 FF FF 00 00 D7 C3 00 00
00 FF FF 00 00 1E C5 00 00
00 FF FF 00 00 66 C6 00 00
00 FF FF 00 00 AE C7 00 00
00 FF FF 00 00 F6 C8 00 00
00 FF FF 00 00 3D CA 00 00
00 FF FF 00 00 85 CB 00 00
00 FF FF 00 00 CD CC 00 00
00 FF FF 00 00 14 CE 00 00
00 FF FF 00 00 5C CF 00 00
00 FF FF 00 00 A4 D0 00 00
00 FF FF 00 00 EB D1 00 00
00 FF FF 00 00 33 D3 00 00
00 FF FF 00 00 7B D4 00 00
00 FF FF 00 00 C2 D5 00 00
00 FF FF 00 00 0A D7 00 00
00 FF FF 00 00 52 D8 00 00
00 FF FF 00 00 99 D9 00 00
00 FF FF 00 00 E1 DA 00 00
00 FF FF 00 00 29 DC 00 00
00 FF FF 00 00 70 DD 00 00
00 FF FF 00 00 B8 DE 00 00
00 FF FF 00 00 00 E0 00 00
00 FF FF 00 00 47 E1 00 00
00 FF FF 00 00 8F E2 00 00
00 FF FF 00 00 D7 E3 00 00
00 FF FF 00 00 1E E5 00 00
00 FF FF 00 00 66 E6 00 00
00 FF FF 00 00 AE E7 00 00
00 FF FF 00 00 F5 E8 00 00
00 FF FF 00 00 3D EA 00 00
00 FF FF 00 00 85 EB 00 00
00 FF FF 00 00 CC EC 00 00
00 FF FF 00 00 14 EE 00 00
00 FF FF 00 00 5C EF 00 00
00 FF FF 00 00 A3 F0 00 00
00 FF FF 00 00 EB F1 00 00
00 FF FF 00 00 33 F3 00 00
00 FF FF 00 00 7A F4 00 00
00 FF FF 00 00 C2 F5 00 00
00 FF FF 00 00 0A F7 00 00
00 FF FF 00 00 51 F8 00 00
00 FF FF 00 00 99 F9 00 00
00 FF FF 00 00 E1 FA 00 00
00 FF FF 00 00 29 FC 00 00
00 FF FF 00 00 70 FD 00 00
00 FF FF 00 00 B8 FE 00 00
00 FF FF 00 00 00 00 00 00
00 FF FF 00 00 47 01 00 00
00 FF FF 00 00 8F 02 00 00
00 FF FF 00 00 D7 03 00 00
00 FF FF 00 00 1E 05 00 00
00 FF FF 00 00 66 06 00 00
00 FF FF 00 00 AE 07 00 00
00 FF FF 00 00 F5 08 00 00
00 FF FF 00 00 3D 0A 00 00
00 FF FF 00 00 85 0B 00 00
00 FF FF 00 00 CC 0C 00 00
00 FF FF 00 00 14 0E 00 00
00 FF FF 00 00 5C 0F 00 00
00 FF FF 00 00 A3 10 00 00
00 FF FF 00 00 EB 11 00 00
00 FF FF 00 00 33 13 00 00
00 FF FF 00 00 7A 14 00 00
00 FF FF 00 00 C2 15 00 00
00 FF FF 00 00 0A 17 00 00
00 FF FF 00 00 51 18 00 00
00 FF FF 00 00 99 19 00 00
00 FF FF 00 00 E1 1A 00 00
00 FF FF 00 00 28 1C 00 00
00 FF FF 00 00 70 1D 00 00
00 FF FF 00 00 B8 1E 00 00
00 FF FF 00 00 FF 1F 00 00
00 FF FF 00 00 47 21 00 00
00 FF FF 00 00 8F 22 00 00
00 FF FF 00 00 D6 23 00 00
00 FF FF 00 00 1E 25 00 00
00 FF FF 00 00 66 26 00 00
00 FF FF 00 00 AD 27 00 00
00 FF FF 00 00 F5 28 00 00
00 FF FF 00 00 3D 2A 00 00
00 FF FF 00 00 85 2B 00 00
00 FF FF 00 00 CC 2C 00 00
00 FF FF 00 00 14 2E 00 00
00 FF FF 00 00 5C 2F 00 00
00 FF FF 00 00 A3 30 00 00
00 FF FF 00 00 EB 31 00 00
00 FF FF 00 00 33 33 00 00
00 FF FF 00 00 7A 34 00 00
00 FF FF 00 00 C2 35 00 00
00 FF FF 00 00 0A 37 00 00
00 FF FF 00 00 51 38 00 00
00 FF FF 00 00 99 39 00 00
00 FF FF 00 00 E1 3A 00 00
00 FF FF 00 00 28 3C 00 00
00 FF FF 00 00 70 3D 00 00
00 FF FF 00 00 B8 3E 00 00
00 FF FF 00 00 FF 3F 00 00
00 FF FF 00 00 47 41 00 00
00 FF FF 00 00 8F 42 00 00
00 FF FF 00 00 D6 43 00 00
00 FF FF 00 00 1E 45 00 00
00 FF FF 00 00 66 46 00 00
00 FF FF 00 00 AD 47 00 00
00 FF FF 00 00 F5 48 00 00
00 FF FF 00 00 3D 4A 00 00
00 FF FF 00 00 84 4B 00 00
00 FF FF 00 00 CC 4C 00 00
00 FF FF 00 00 14 4E 00 00
00 FF FF 00 00 5B 4F 00 00
00 FF FF 00 00 A3 50 00 00
00 FF FF 00 00 EB 51 00 00
00 FF FF 00 00 32 53 00 00
00 FF FF 00 00 7A 54 00 00
00 FF FF 00 00 C2 55 00 00
00 FF FF 00 00 09 57 00 00
00 FF FF 00 00 51 58 00 00
00 FF FF 00 00 99 59 00 00
00 FF FF 00 00 E1 5A 00 00
00 FF FF 00 00 28 5C 00 00
00 FF FF 00 00 70 5D 00 00
00 FF FF 00 00 B8 5E 00 00
00 FF FF 00 00 FF 5F 00 00
00 FF FF 00 00 47 61 00 00
00 FF FF 00 00 8F 62 00 00
00 FF FF 00 00 D6 63 00 00
00 FF FF 00 00 1E 65 00 00
00 FF FF 00 00 66 66 00 00
00 FF FF 00 00 AD 67 00 00
00 FF FF 00 00 F5 68 00 00
00 FF FF 00 00 3D 6A 00 00
00 FF FF 00 00 84 6B 00 00
00 FF FF 00 00 CC 6C 00 00
00 FF FF 00 00 14 6E 00 00
00 FF FF 00 00 5B 6F 00 00
00 FF FF 00 00 A3 70 00 00
00 FF FF 00 00 EB 71 00 00
00 FF FF 00 00 32 73 00 00
00 FF FF 00 00 7A 74 00 00
00 FF FF 00 00 C2 75 00 00
00 FF FF 00 00 09 77 00 00
00 FF FF 00 00 51 78 00 00
00 FF FF 00 00 99 79 00 00
00 FF FF 00 00 E0 7A 00 00
00 FF FF 00 00 28 7C 00 00
00 FF FF 00 00 70 7D 00 00
00 FF FF 00 00 B7 7E 00 00
00 FF FF 00 00 00 80 00 00
00 FF FF 00 00 48 81 00 00
00 FF FF 00 00 8F 82 00 00
00 FF FF 00 00 D7 83 00 00
00 FF FF 00 00 1F 85 00 00
00 FF FF 00 00 66 86 00 00
00 FF FF 00 00 AE 87 00 00
00 FF FF 00 00 F6 88 00 00
00 FF FF 00 00 3D 8A 00 00
00 FF FF 00 00 85 8B 00 00
00 FF FF 00 00 CD 8C 00 00
00 FF FF 00 00 14 8E 00 00
00 FF FF 00 00 5C 8F 00 00
00 FF FF 00 00 A4 90 00 00
00 FF FF 00 00 EB 91 00 00
00 FF FF 00 00 33 93 00 00
00 FF FF 00 00 7B 94 00 00
00 FF FF 00 00 C2 95 00 00
00 FF FF 00 00 0A 97 00 00
00 FF FF 00 00 52 98 00 00
00 FF FF 00 00 9A 99 00 00
00 FF FF 00 00 E1 9A 00 00
00 FF FF 00 00 29 9C 00 00
00 FF FF 00 00 71 9D 00 00
00 FF FF 00 00 B8 9E 00 00
00 FF FF 00 00 00 A0 00 00
00 FF FF 00 00 48 A1 00 00
00 FF FF 00 00 8F A2 00 00
00 FF FF 00 00 D7 A3 00 00
00 FF FF 00 00 1F A5 00 00
00 FF FF 00 00 66 A6 00 00
00 FF FF 00 00 AE A7 00 00
00 FF FF 00 00 F6 A8 00 00
00 FF FF 00 00 3D AA 00 00
00 FF FF 00 00 85 AB 00 00
00 FF FF 00 00 CD AC 00 00
00 FF FF 00 00 14 AE 00 00
00 FF FF 00 00 5C AF 00 00
00 FF FF 00 00 00 00 00 00
00 FF FF 00 00 00 00 00 00
00 FF FF 00 00 00 00 00 00
00 FF FF 00 00 00 00 00 00
00 FF FF 00 00 00 00 00 00
00 FF FF 00 00 00 00 00 00
00 FF FF 00 00 00 00 00 00
00 FF FF 00 00 00 00 00 00
00 FF FF 00 00 00 00 00 00
00 FF FF 00 00 00 00 00 00
00 FF FF 00 00 00 00 00 00
00 FF FF 00 00 00 00 00 00
00 FF FF 00 00 00 00 00 00
00 FF FF 00 00 00 00 00 00
00 FF FF 00 00 00 00 00 00
00 FF FF 00 00 00 00 00 00
01 00 00 00 00 00 00 00 00
01 00 00 00 00 00 00 00 00
01 00 00 00 00 00 00 00 00
01 00 00 00 00 00 00 00 00
01 00 00 00 00 00 00 00 00
01 00 00 00 00 00 00 00 00
01 00 00 00 00 00 00 00 00
01 00 00 00 00 00 00 00 00
01 00 00 00 00 00 00 00 00
01 00 00 00 00 00 00 00 00
01 00 00 00 00 00 00 00 00
01 00 00 00 00 00 00 00 00
01 00 00 00 00 00 00 00 00
01 00 00 00 00 00 00 00 00
01 00 00 00 00 00 00 00 00
01 00 00 00 00 00 00 00 00
01 00 00 00 00 00 00 00 00
01 00 00 00 00 00 00 00 00
01 00 00 00 00 00 00 00 00
01 00 00 00 00 00 00 00 00
01 00 00 01 00 00 00 00 00
01 00 00 01 00 00 00 00 00
01 00 00 01 00 00 00 00 00
01 00 00 01 00 00 00 00 00
01 00 00 02 00 00 00 00 00
01 00 00 02 00 00 00 00 00
01 00 00 02 00 00 00 00 00
01 00 00 02 00 00 00 00 00
01 00 00 02 00 00 00 00 00
01 00 00 02 00 00 00 00 00
01 00 00 02 00 00 00 00 00
01 00 00 01 00 00 00 00 00
01 00 00 01 00 00 00 00 00
01 00 00 01 00 00 00 00 00
01 00 00 01 00 00 00 00 00
01 00 00 02 00 00 00 00 00
01 00 00 02 00 00 00 00 00
01 00 00 02 00 00 00 00 00
01 00 00 02 00 00 00 00 00
01 00 00 02 00 00 00 00 00
01 00 00 02 00 00 00 00 00
01 00 00 03 00 00 00 00 00
01 00 00 03 00 00 00 00 00
01 00 00 03 00 00 00 00 00
01 00 00 03 00 00 00 00 00
01 00 00 03 00 00 00 00 00
01 00 00 03 00 00 00 00 00
01 00 00 04 00 00 00 00 00
01 00 00 04 00 00 00 00 00
01 00 00 04 00 00 00 00 00
01 00 00 05 00 00 00 00 00
01 00 00 05 00 00 00 00 00
01 00 00 05 00 00 00 00 00
01 00 00 06 00 00 00 00 00
01 00 00 06 00 00 00 00 00
01 00 00 06 00 00 00 00 00
01 00 00 06 00 00 00 00 00
01 00 00 00 00 00 00 00 00
01 00 00 01 00 00 00 00 00
01 00 00 01 00 00 00 00 00
01 00 00 01 00 00 00 00 00
01 00 00 01 00 00 00 00 00
01 00 00 02 00 00 00 00 00
01 00 00 02 00 00 00 00 00
01 00 00 02 00 00 00 00 00
01 00 00 02 00 00 00 00 00
01 00 00 02 00 00 00 00 00
01 00 00 02 00 00 00 00 00
01 00 00 02 00 00 00 00 00
01 00 00 01 00 00 00 00 00
01 00 00 01 00 00 00 00 00
01 00 00 01 00 00 00 00 00
01 00 00 01 00 00 00 00 00
01 00 00 02 00 00 00 00 00
01 00 00 02 00 00 00 00 00
01 00 00 02 00 00 00 00 00
01 00 00 02 00 00 00 00 00
01 00 00 02 00 00 00 00 00
01 00 00 02 00 00 00 00 00
01 00 00 03 00 00 00 00 00
01 00 00 03 00 00 00 00 00
01 00 00 03 00 00 00 00 00
01 00 00 03 00 00 00 00 00
01 00 00 03 00 00 00 00 00
01 00 00 03 00 00 00 00 00
01 00 00 04 00 00 00 00 00
01 00 00 04 00 00 00 00 00
01 00 00 04 00 00 00 00 00
01 00 00 05 00 00 00 00 00
01 00 00 05 00 00 00 00 00
01 00 00 05 00 00 00 00 00
01 00 00 06 00 00 00 00 00
01 00 00 06 00 00 00 00 00
01 00 00 06 00 00 00 00 00
01 00 00 06 00 00 00 00 00
01 00 00 00 00 00 00 00 00
01 00 00 01 00 00 00 00 00
01 00 00 01 00 00 00 00 00
01 00 00 01 00 00 00 00 00
01 00 00 01 00 00 00 00 00
01 00 00 02 00 00 00 00 00
01 00 00 02 00 00 00 00 00
01 00 00 02 00 00 00 00 00
01 00 00 02 00 00 00 00 00
01 00 00 02 00 00 00 00 00
01 00 00 02 00 00 00 00 00
01 00 00 02 00 00 00 00 00
01 00 00 01 00 00 00 00 00
01 00 00 01 00 00 00 00 00
01 00 00 01 00 00 00 00 00
01 00 00 01 00 00 00 00 00
01 00 00 02 00 00 00 00 00
01 00 00 02 00 00 00 00 00
01 00 00 02 00 00 00 00 00
01 00 00 02 00 00 00 00 00
01 00 00 02 00 00 00 00 00
01 00 00 02 00 00 00 00 00
01 00 00 03 00 00 00 00 00
01 00 00 03 00 00 00 00 00
01 00 00 03 00 00 00 00 00
01 00 00 03 00 00 00 00 00
01 00 00 03 00 00 00 00 00
01 00 00 03 00 00 00 00 00
01 00 00 04 00 00 00 00 00
01 00 00 04 00 00 00 00 00
01 00 00 04 00 00 00 00 00
01 00 00 05 00 00 00 00 00
01 00 00 00 00 00 00 00 00
01 00 00 00 00 00 00 00 00
01 00 00 00 00 00 00 00 00
01 00 00 00 00 00 00 00 00
01 00 00 00 00 00 00 00 00
01 00 00 00 00 00 00 00 00
01 00 00 00 00 00 00 00 00
01 00 00 00 00 00 00 00 00
01 00 00 00 00 00 00 00 00
01 00 00 00 00 00 00 00 00
01 00 00 00 00 00 00 00 00
01 00 00 00 00 00 00 00 00
01 00 00 00 00 00 00 00 00
01 B6 00 00 00 00 00 00 00
01 6C 01 00 00 00 00 00 00
01 22 02 00 00 00 00 00 00
01 D8 02 00 00 00 00 00 00
01 8E 03 00 00 00 00 00 00
01 44 04 00 00 00 00 00 00
01 FA 04 00 00 00 00 00 00
01 B0 05 00 00 00 00 00 00
01 66 06 00 00 00 00 00 00
01 1C 07 00 00 00 00 00 00
01 D2 07 00 00 00 00 00 00
01 89 08 00 00 00 00 00 00
01 3F 09 00 00 00 00 00 00
01 F5 09 00 00 00 00 00 00
01 AB 0A 00 00 00 00 00 00
01 61 0B 00 00 00 00 00 00
01 17 0C 00 00 00 00 00 00
01 CD 0C 00 00 00 00 00 00
01 83 0D 00 00 00 00 00 00
01 39 0E 00 00 00 00 00 00
01 EF 0E 00 00 00 00 00 00
01 A5 0F 00 00 00 00 00 00
01 5B 10 00 00 00 00 00 00
01 11 11 00 00 00 00 00 00
01 C7 11 00 00 00 00 00 00
01 7D 12 00 00 00 00 00 00
01 33 13 00 00 00 00 00 00
01 E9 13 00 00 00 00 00 00
01 9F 14 00 00 00 00 00 00
01 55 15 00 00 00 00 00 00
01 0B 16 00 00 00 00 00 00
01 C1 16 00 00 00 00 00 00
01 77 17 00 00 00 00 00 00
01 2D 18 00 00 00 00 00 00
01 E3 18 00 00 00 00 00 00
01 9A 19 00 00 00 00 00 00
01 50 1A 00 00 00 00 00 00
01 06 1B 00 00 00 00 00 00
01 BC 1B 00 00 00 00 00 00
01 72 1C 00 00 00 00 00 00
01 28 1D 00 00 00 00 00 00
01 DE 1D 00 00 00 00 00 00
01 94 1E 00 00 00 00 00 00
01 4A 1F 00 00 00 00 00 00
01 00 20 00 00 00 00 00 00
01 B6 20 00 00 00 00 00 00
01 6C 21 00 00 00 00 00 00
01 22 22 00 00 00 00 00 00
01 D8 22 00 00 00 00 00 00
01 8E 23 00 00 00 00 00 00
01 44 24 00 00 00 00 00 00
01 FA 24 00 00 00 00 00 00
01 B0 25 00 00 00 00 00 00
01 66 26 00 00 00 00 00 00
01 1C 27 00 00 00 00 00 00
01 D2 27 00 00 00 00 00 00
01 88 28 00 00 00 00 00 00
01 3E 29 00 00 00 00 00 00
01 F4 29 00 00 00 00 00 00
01 AB 2A 00 00 00 00 00 00
01 61 2B 00 00 00 00 00 00
01 17 2C 00 00 00 00 00 00
01 CD 2C 00 00 00 00 00 00
01 83 2D 00 00 00 00 00 00
01 39 2E 00 00 00 00 00 00
01 EF 2E 00 00 00 00 00 00
01 A5 2F 00 00 00 00 00 00
01 5B 30 00 00 00 00 00 00
01 11 31 00 00 00 00 00 00
01 C7 31 00 00 00 00 00 00
01 7D 32 00 00 00 00 00 00
01 33 33 00 00 00 00 00 00
01 E9 33 00 00 00 00 00 00
01 9F 34 00 00 00 00 00 00
01 55 35 00 00 00 00 00 00
01 0B 36 00 00 00 00 00 00
01 C1 36 00 00 00 00 00 00
01 77 37 00 00 00 00 00 00
01 2D 38 00 00 00 00 00 00
01 E3 38 00 00 00 00 00 00
01 99 39 00 00 00 00 00 00
01 4F 3A 00 00 00 00 00 00
01 05 3B 00 00 00 00 00 00
01 BC 3B 00 00 00 00 00 00
01 72 3C 00 00 00 00 00 00
01 28 3D 00 00 00 00 00 00
01 DE 3D 00 00 00 00 00 00
01 94 3E 00 00 00 00 00 00
01 4A 3F 00 00 00 00 00 00
01 00 40 00 00 00 00 00 00
01 B6 40 00 00 00 00 00 00
01 6C 41 00 00 00 00 00 00
01 22 42 00 00 00 00 00 00
01 D8 42 00 00 00 00 00 00
01 8E 43 00 00 00 00 00 00
01 44 44 00 00 00 00 00 00
01 FA 44 00 00 00 00 00 00
01 B0 45 00 00 00 00 00 00
01 66 46 00 00 00 00 00 00
01 1C 47 00 00 00 00 00 00
01 D2 47 00 00 00 00 00 00
01 88 48 00 00 00 00 00 00
01 3E 49 00 00 00 00 00 00
01 F4 49 00 00 00 00 00 00
01 AA 4A 00 00 00 00 00 00
01 60 4B 00 00 00 00 00 00
01 16 4C 00 00 00 00 00 00
01 CD 4C 00 00 00 00 00 00
01 83 4D 00 00 00 00 00 00
01 39 4E 00 00 00 00 00 00
01 EF 4E 00 00 00 00 00 00
01 A5 4F 00 00 00 00 00 00
01 5B 50 00 00 00 00 00 00
01 11 51 00 00 00 00 00 00
01 C7 51 00 00 00 00 00 00
01 7D 52 00 00 00 00 00 00
01 33 53 00 00 00 00 00 00
01 E9 53 00 00 00 00 00 00
01 9F 54 00 00 00 00 00 00
01 55 55 00 00 00 00 00 00
01 0B 56 00 00 00 00 00 00
01 C1 56 00 00 00 00 00 00
01 77 57 00 00 00 00 00 00
01 2D 58 00 00 00 00 00 00
01 E3 58 00 00 00 00 00 00
01 99 59 00 00 00 00 00 00
01 4F 5A 00 00 00 00 00 00
01 05 5B 00 00 00 00 00 00
01 BB 5B 00 00 00 00 00 00
01 71 5C 00 00 00 00 00 00
01 27 5D 00 00 00 00 00 00
01 DE 5D 00 00 00 00 00 00
01 94 5E 00 00 00 00 00 00
01 4A 5F 00 00 00 00 00 00
01 00 60 00 00 00 00 00 00
01 B6 60 00 00 00 00 00 00
01 6C 61 00 00 00 00 00 00
01 22 62 00 00 00 00 00 00
01 D8 62 00 00 00 00 00 00
01 8E 63 00 00 00 00 00 00
01 44 64 00 00 00 00 00 00
01 FA 64 00 00 00 00 00 00
01 B0 65 00 00 00 00 00 00
01 66 66 00 00 00 00 00 00
01 1C 67 00 00 00 00 00 00
01 D2 67 00 00 00 00 00 00
01 88 68 00 00 00 00 00 00
01 3E 69 00 00 00 00 00 00
01 F4 69 00 00 00 00 00 00
01 AA 6A 00 00 00 00 00 00
01 60 6B 00 00 00 00 00 00
01 16 6C 00 00 00 00 00 00
01 CC 6C 00 00 00 00 00 00
01 82 6D 00 00 00 00 00 00
01 38 6E 00 00 00 00 00 00
01 EF 6E 00 00 00 00 00 00
01 A5 6F 00 00 00 00 00 00
01 5B 70 00 00 00 00 00 00
01 11 71 00 00 00 00 00 00
01 C7 71 00 00 00 00 00 00
01 7D 72 00 00 00 00 00 00
01 33 73 00 00 00 00 00 00
01 E9 73 00 00 00 00 00 00
01 9F 74 00 00 00 00 00 00
01 55 75 00 00 00 00 00 00
01 0B 76 00 00 00 00 00 00
01 C1 76 00 00 00 00 00 00
01 77 77 00 00 00 00 00 00
01 2D 78 00 00 00 00 00 00
01 E3 78 00 00 00 00 00 00
01 99 79 00 00 00 00 00 00
01 4F 7A 00 00 00 00 00 00
01 05 7B 00 00 00 00 00 00
01 BB 7B 00 00 00 00 00 00
01 71 7C 00 00 00 00 00 00
01 27 7D 00 00 00 00 00 00
01 DD 7D 00 00 00 00 00 00
01 93 7E 00 00 00 00 00 00
01 4A 7F 00 00 00 00 00 00
01 00 80 00 00 00 00 00 00
01 B6 80 00 00 00 00 00 00
01 6C 81 00 00 00 00 00 00
01 22 82 00 00 00 00 00 00
01 D8 82 00 00 00 00 00 00
01 8E 83 00 00 00 00 00 00
01 44 84 00 00 00 00 00 00
01 FA 84 00 00 00 00 00 00
01 B0 85 00 00 00 00 00 00
01 66 86 00 00 00 00 00 00
01 1C 87 00 00 00 00 00 00
01 D2 87 00 00 00 00 00 00
01 88 88 00 00 00 00 00 00
01 3E 89 00 00 00 00 00 00
01 F4 89 00 00 00 00 00 00
01 AA 8A 00 00 00 00 00 00
01 60 8B 00 00 00 00 00 00
01 16 8C 00 00 00 00 00 00
01 CC 8C 00 00 00 00 00 00
01 82 8D 00 00 00 00 00 00
01 38 8E 00 00 00 00 00 00
01 EE 8E 00 00 00 00 00 00
01 A4 8F 00 00 00 00 00 00
01 5B 90 00 00 00 00 00 00
01 11 91 00 00 00 00 00 00
01 C7 91 00 00 00 00 00 00
01 7D 92 00 00 00 00 00 00
01 33 93 00 00 00 00 00 00
01 E9 93 00 00 00 00 00 00
01 9F 94 00 00 00 00 00 00
01 55 95 00 00 00 00 00 00
01 0B 96 00 00 00 00 00 00
01 C1 96 00 00 00 00 00 00
01 77 97 00 00 00 00 00 00
01 2D 98 00 00 00 00 00 00
01 E3 98 00 00 00 00 00 00
01 99 99 00 00 00 00 00 00
01 4F 9A 00 00 00 00 00 00
01 05 9B 00 00 00 00 00 00
01 BB 9B 00 00 00 00 00 00
01 71 9C 00 00 00 00 00 00
01 27 9D 00 00 00 00 00 00
01 DD 9D 00 00 00 00 00 00
01 93 9E 00 00 00 00 00 00
01 49 9F 00 00 00 00 00 00
01 FF 9F 00 00 00 00 00 00
01 B5 A0 00 00 00 00 00 00
01 6C A1 00 00 00 00 00 00
01 22 A2 00 00 00 00 00 00
01 D8 A2 00 00 00 00 00 00
01 8E A3 00 00 00 00 00 00
01 44 A4 00 00 00 00 00 00
01 FA A4 00 00 00 00 00 00
01 B0 A5 00 00 00 00 00 00
01 66 A6 00 00 00 00 00 00
01 1C A7 00 00 00 00 00 00
01 D2 A7 00 00 00 00 00 00
01 88 A8 00 00 00 00 00 00
01 3E A9 00 00 00 00 00 00
01 F4 A9 00 00 00 00 00 00
01 AA AA 00 00 00 00 00 00
01 60 AB 00 00 00 00 00 00
01 16 AC 00 00 00 00 00 00
01 CC AC 00 00 00 00 00 00
01 82 AD 00 00 00 00 00 00
01 38 AE 00 00 00 00 00 00
01 EE AE 00 00 00 00 00 00
01 A4 AF 00 00 00 00 00 00
01 5A B0 00 00 00 00 00 00
01 10 B1 00 00 00 00 00 00
01 C6 B1 00 00 00 00 00 00
01 7D B2 00 00 00 00 00 00
01 33 B3 00 00 00 00 00 00
01 E9 B3 00 00 00 00 00 00
01 9F B4 00 00 00 00 00 00
01 55 B5 00 00 00 00 00 00
01 0B B6 00 00 00 00 00 00
01 C1 B6 00 00 00 00 00 00
01 77 B7 00 00 00 00 00 00
01 2D B8 00 00 00 00 00 00
01 E3 B8 00 00 00 00 00 00
01 99 B9 00 00 00 00 00 00
01 4F BA 00 00 00 00 00 00
01 05 BB 00 00 00 00 00 00
01 BB BB 00 00 00 00 00 00
01 71 BC 00 00 00 00 00 00
01 27 BD 00 00 00 00 00 00
01 DD BD 00 00 00 00 00 00
01 93 BE 00 00 00 00 00 00
01 49 BF 00 00 00 00 00 00
01 FF BF 00 00 00 00 00 00
01 B5 C0 00 00 00 00 00 00
01 6B C1 00 00 00 00 00 00
01 21 C2 00 00 00 00 00 00
01 D7 C2 00 00 00 00 00 00
01 8E C3 00 00 00 00 00 00
01 44 C4 00 00 00 00 00 00
01 FA C4 00 00 00 00 00 00
01 B0 C5 00 00 00 00 00 00
01 66 C6 00 00 00 00 00 00
01 1C C7 00 00 00 00 00 00
01 D2 C7 00 00 00 00 00 00
01 88 C8 00 00 00 00 00 00
01 3E C9 00 00 00 00 00 00
01 F4 C9 00 00 00 00 00 00
01 AA CA 00 00 00 00 00 00
01 60 CB 00 00 00 00 00 00
01 16 CC 00 00 00 00 00 00
01 CC CC 00 00 00 00 00 00
01 82 CD 00 00 00 00 00 00
01 38 CE 00 00 00 00 00 00
01 EE CE 00 00 00 00 00 00
01 A4 CF 00 00 00 00 00 00
01 5A D0 00 00 00 00 00 00
01 10 D1 00 00 00 00 00 00
01 C6 D1 00 00 00 00 00 00
01 7C D2 00 00 00 00 00 00
01 32 D3 00 00 00 00 00 00
01 E8 D3 00 00 00 00 00 00
01 9F D4 00 00 00 00 00 00
01 55 D5 00 00 00 00 00 00
01 0B D6 00 00 00 00 00 00
01 C1 D6 00 00 00 00 00 00
01 77 D7 00 00 00 00 00 00
01 2D D8 00 00 00 00 00 00
01 E3 D8 00 00 00 00 00 00
01 99 D9 00 00 00 00 00 00
01 4F DA 00 00 00 00 00 00
01 05 DB 00 00 00 00 00 00
01 BB DB 00 00 00 00 00 00
01 71 DC 00 00 00 00 00 00
01 27 DD 00 00 00 00 00 00
01 DD DD 00 00 00 00 00 00
01 93 DE 00 00 00 00 00 00
01 49 DF 00 00 00 00 00 00
01 FF DF 00 00 00 00 00 00
01 B5 E0 00 00 00 00 00 00
01 6B E1 00 00 00 00 00 00
01 21 E2 00 00 00 00 00 00
01 D7 E2 00 00 00 00 00 00
01 8D E3 00 00 00 00 00 00
01 43 E4 00 00 00 00 00 00
01 FA E4 00 00 00 00 00 00
01 B0 E5 00 00 00 00 00 00
01 66 E6 00 00 00 00 00 00
01 1C E7 00 00 00 00 00 00
01 D2 E7 00 00 00 00 00 00
01 88 E8 00 00 00 00 00 00
01 3E E9 00 00 00 00 00 00
01 F4 E9 00 00 00 00 00 00
01 AA EA 00 00 00 00 00 00
01 60 EB 00 00 00 00 00 00
01 16 EC 00 00 00 00 00 00
01 CC EC 00 00 00 00 00 00
01 82 ED 00 00 00 00 00 00
01 38 EE 00 00 00 00 00 00
01 EE EE 00 00 00 00 00 00
01 A4 EF 00 00 00 00 00 00
01 5A F0 00 00 00 00 00 00
01 10 F1 00 00 00 00 00 00
01 C6 F1 00 00 00 00 00 00
01 7C F2 00 00 00 00 00 00
01 32 F3 00 00 00 00 00 00
01 E8 F3 00 00 00 00 00 00
01 9E F4 00 00 00 00 00 00
01 54 F5 00 00 00 00 00 00
01 0B F6 00 00 00 00 00 00
01 C1 F6 00 00 00 00 00 00
01 77 F7 00 00 00 00 00 00
01 2D F8 00 00 00 00 00 00
01 E3 F8 00 00 00 00 00 00
01 99 F9 00 00 00 00 00 00
01 4F FA 00 00 00 00 00 00
01 05 FB 00 00 00 00 00 00
01 BB FB 00 00 00 00 00 00
01 71 FC 00 00 00 00 00 00
01 27 FD 00 00 00 00 00 00
01 DD FD 00 00 00 00 00 00
01 93 FE 00 00 00 00 00 00
01 49 FF 00 00 00 00 00 00
01 00 00 00 00 00 00 00 00
01 B6 00 00 00 00 00 00 00
01 6C 01 00 00 00 00 00 00
01 22 02 00 00 00 00 00 00
01 D8 02 00 00 00 00 00 00
01 8E 03 00 00 00 00 00 00
01 44 04 00 00 00 00 00 00
01 FA 04 00 00 00 00 00 00
01 B0 05 00 00 00 00 00 00
01 66 06 00 00 00 00 00 00
01 1C 07 00 00 00 00 00 00
01 D2 07 00 00 00 00 00 00
01 89 08 00 00 00 00 00 00
01 3F 09 00 00 00 00 00 00
01 F5 09 00 00 00 00 00 00
01 AB 0A 00 00 00 00 00 00
01 61 0B 00 00 00 00 00 00
01 17 0C 00 00 00 00 00 00
01 CD 0C 00 00 00 00 00 00
01 83 0D 00 00 00 00 00 00
01 39 0E 00 00 00 00 00 00
01 EF 0E 00 00 00 00 00 00
01 A5 0F 00 00 00 00 00 00
01 5B 10 00 00 00 00 00 00
01 11 11 00 00 00 00 00 00
01 C7 11 00 00 00 00 00 00
01 7D 12 00 00 00 00 00 00
01 33 13 00 00 00 00 00 00
01 E9 13 00 00 00 00 00 00
01 9F 14 00 00 00 00 00 00
01 55 15 00 00 00 00 00 00
01 0B 16 00 00 00 00 00 00
01 C1 16 00 00 00 00 00 00
01 77 17 00 00 00 00 00 00
01 2D 18 00 00 00 00 00 00
01 E3 18 00 00 00 00 00 00
01 9A 19 00 00 00 00 00 00
01 50 1A 00 00 00 00 00 00
01 06 1B 00 00 00 00 00 00
01 BC 1B 00 00 00 00 00 00
01 72 1C 00 00 00 00 00 00
01 28 1D 00 00 00 00 00 00
01 DE 1D 00 00 00 00 00 00
01 94 1E 00 00 00 00 00 00
01 4A 1F 00 00 00 00 00 00
01 00 20 00 00 00 00 00 00
01 B6 20 00 00 00 00 00 00
01 6C 21 00 00 00 00 00 00
01 22 22 00 00 00 00 00 00
01 D8 22 00 00 00 00 00 00
01 8E 23 00 00 00 00 00 00
01 44 24 00 00 00 00 00 00
01 FA 24 00 00 00 00 00 00
01 00 00 00 00 00 00 00 00
01 00 00 00 00 00 00 00 00
01 00 00 00 00 00 00 00 00
01 00 00 00 00 00 00 00 00
01 00 00 00 00 00 00 00 00
01 00 00 00 00 00 00 00 00
01 00 00 00 00 00 00 00 00
01 00 00 00 00 00 00 00 00
01 00 00 00 00 00 00 00 00
01 00 00 00 00 00 00 00 00
01 00 00 00 00 00 00 00 00
02 01 00 00 00 00 00 00 00
02 01 00 00 00 00 00 00 00
02 01 00 00 00 00 00 00 00
02 01 00 00 00 00 00 00 00
02 01 00 00 00 00 00 00 00
02 02 00 00 00 00 00 00 00
02 02 00 00 00 00 00 00 00
02 02 00 00 00 00 00 00 00
02 02 00 00 00 00 00 00 00
02 01 00 00 00 00 00 00 00
02 01 00 00 00 00 00 00 00
02 01 00 00 00 00 00 00 00
02 00 00 00 00 00 00 00 00
02 00 00 00 00 00 00 00 00
02 00 00 00 00 00 00 00 00
02 00 00 00 00 00 00 00 00
02 03 00 00 00 00 00 00 00
02 03 00 00 00 00 00 00 00
02 03 00 00 00 00 00 00 00
02 03 00 00 00 00 00 00 00
02 03 00 00 00 00 00 00 00
02 01 00 00 00 00 00 00 00
02 01 00 00 00 00 00 00 00
02 01 00 00 00 00 00 00 00
02 01 00 00 00 00 00 00 00
02 01 00 00 00 00 00 00 00
02 02 00 00 00 00 00 00 00
02 02 00 00 00 00 00 00 00
02 02 00 00 00 00 00 00 00
02 02 00 00 00 00 00 00 00
02 01 00 00 00 00 00 00 00
02 01 00 00 00 00 00 00 00
02 01 00 00 00 00 00 00 00
02 00 00 00 00 00 00 00 00
02 00 00 00 00 00 00 00 00
02 00 00 00 00 00 00 00 00
02 00 00 00 00 00 00 00 00
02 03 00 00 00 00 00 00 00
02 03 00 00 00 00 00 00 00
02 03 00 00 00 00 00 00 00
02 03 00 00 00 00 00 00 00
02 03 00 00 00 00 00 00 00
02 01 00 00 00 00 00 00 00
02 01 00 00 00 00 00 00 00
02 01 00 00 00 00 00 00 00
02 01 00 00 00 00 00 00 00
02 01 00 00 00 00 00 00 00
02 02 00 00 00 00 00 00 00
02 02 00 00 00 00 00 00 00
02 02 00 00 00 00 00 00 00
02 02 00 00 00 00 00 00 00
02 01 00 00 00 00 00 00 00
02 01 00 00 00 00 00 00 00
02 01 00 00 00 00 00 00 00
02 00 00 00 00 00 00 00 00
02 00 00 00 00 00 00 00 00
02 00 00 00 00 00 00 00 00
02 00 00 00 00 00 00 00 00
02 03 00 00 00 00 00 00 00
02 03 00 00 00 00 00 00 00
02 03 00 00 00 00 00 00 00
02 03 00 00 00 00 00 00 00
02 03 00 00 00 00 00 00 00
02 01 00 00 00 00 00 00 00
02 01 00 00 00 00 00 00 00
02 01 00 00 00 00 00 00 00
02 01 00 00 00 00 00 00 00
02 01 00 00 00 00 00 00 00
02 02 00 00 00 00 00 00 00
02 02 00 00 00 00 00 00 00
02 02 00 00 00 00 00 00 00
02 02 00 00 00 00 00 00 00
02 01 00 00 00 00 00 00 00
02 01 00 00 00 00 00 00 00
02 01 00 00 00 00 00 00 00
02 00 00 00 00 00 00 00 00
02 00 00 00 00 00 00 00 00
02 00 00 00 00 00 00 00 00
02 00 00 00 00 00 00 00 00
02 03 00 00 00 00 00 00 00
02 03 00 00 00 00 00 00 00
02 03 00 00 00 00 00 00 00
02 03 00 00 00 00 00 00 00
02 03 00 00 00 00 00 00 00
02 01 00 00 00 00 00 00 00
02 01 00 00 00 00 00 00 00
02 01 00 00 00 00 00 00 00
02 01 00 00 00 00 00 00 00
02 01 00 00 00 00 00 00 00
02 02 00 00 00 00 00 00 00
02 02 00 00 00 00 00 00 00
02 02 00 00 00 00 00 00 00
02 02 00 00 00 00 00 00 00
02 01 00 00 00 00 00 00 00
02 01 00 00 00 00 00 00 00
02 01 00 00 00 00 00 00 00
02 00 00 00 00 00 00 00 00
02 00 00 00 00 00 00 00 00
02 00 00 00 00 00 00 00 00
02 00 00 00 00 00 00 00 00
02 03 00 00 00 00 00 00 00
02 03 00 00 00 00 00 00 00
02 03 00 00 00 00 00 00 00
02 03 00 00 00 00 00 00 00
02 03 00 00 00 00 00 00 00
02 01 00 00 00 00 00 00 00
02 01 00 00 00 00 00 00 00
02 01 00 00 00 00 00 00 00
02 01 00 00 00 00 00 00 00
02 01 00 00 00 00 00 00 00
02 02 00 00 00 00 00 00 00